tm,MVm,PVm
0.000000000000000000e+00,0.000000000000000000e+00,0.000000000000000000e+00
1.000000000000000000e+00,1.000000000000000000e+00,0.000000000000000000e+00
2.000000000000000000e+00,1.000000000000000000e+00,1.600000000000001378e-03
3.000000000000000000e+00,1.000000000000000000e+00,1.600000000000001378e-03
4.000000000000000000e+00,1.000000000000000000e+00,2.400000000000090863e-03
5.000000000000000000e+00,1.000000000000000000e+00,8.000000000000894850e-04
6.000000000000000000e+00,1.000000000000000000e+00,1.600000000000001378e-03
7.000000000000000000e+00,1.000000000000000000e+00,8.000000000000894850e-04
8.000000000000000000e+00,1.000000000000000000e+00,8.000000000000894850e-04
9.000000000000000000e+00,1.000000000000000000e+00,4.824999999999945652e-03
1.000000000000000000e+01,1.000000000000000000e+00,4.025000000000033759e-03
1.100000000000000000e+01,1.000000000000000000e+00,2.400000000000090863e-03
1.200000000000000000e+01,1.000000000000000000e+00,0.000000000000000000e+00
1.300000000000000000e+01,1.000000000000000000e+00,4.824999999999945652e-03
1.400000000000000000e+01,1.000000000000000000e+00,4.824999999999945652e-03
1.500000000000000000e+01,1.000000000000000000e+00,5.625000000000035354e-03
1.600000000000000000e+01,1.000000000000000000e+00,5.625000000000035354e-03
1.700000000000000000e+01,1.000000000000000000e+00,5.625000000000035354e-03
1.800000000000000000e+01,1.000000000000000000e+00,5.625000000000035354e-03
1.900000000000000000e+01,1.000000000000000000e+00,8.849999999999979411e-03
2.000000000000000000e+01,1.000000000000000000e+00,5.625000000000035354e-03
2.100000000000000000e+01,1.000000000000000000e+00,5.625000000000035354e-03
2.200000000000000000e+01,1.000000000000000000e+00,5.625000000000035354e-03
2.300000000000000000e+01,1.000000000000000000e+00,5.625000000000035354e-03
2.400000000000000000e+01,1.000000000000000000e+00,8.050000000000067518e-03
2.500000000000000000e+01,1.000000000000000000e+00,1.127500000000001244e-02
2.600000000000000000e+01,1.000000000000000000e+00,1.287500000000001490e-02
2.700000000000000000e+01,1.000000000000000000e+00,1.367499999999992680e-02
2.800000000000000000e+01,1.000000000000000000e+00,1.367499999999992680e-02
2.900000000000000000e+01,1.000000000000000000e+00,1.449999999999995737e-02
3.000000000000000000e+01,1.000000000000000000e+00,1.449999999999995737e-02
3.100000000000000000e+01,1.000000000000000000e+00,1.772500000000008097e-02
3.200000000000000000e+01,1.000000000000000000e+00,2.095000000000002416e-02
3.300000000000000000e+01,1.000000000000000000e+00,2.174999999999993605e-02
3.400000000000000000e+01,1.000000000000000000e+00,2.174999999999993605e-02
3.500000000000000000e+01,1.000000000000000000e+00,2.577499999999997154e-02
3.600000000000000000e+01,1.000000000000000000e+00,2.657500000000006038e-02
3.700000000000000000e+01,1.000000000000000000e+00,2.980000000000000357e-02
3.800000000000000000e+01,1.000000000000000000e+00,2.980000000000000357e-02
3.900000000000000000e+01,1.000000000000000000e+00,2.980000000000000357e-02
4.000000000000000000e+01,1.000000000000000000e+00,2.980000000000000357e-02
4.100000000000000000e+01,1.000000000000000000e+00,3.140000000000000430e-02
4.200000000000000000e+01,1.000000000000000000e+00,3.625000000000007383e-02
4.300000000000000000e+01,1.000000000000000000e+00,3.785000000000007109e-02
4.400000000000000000e+01,1.000000000000000000e+00,3.947500000000001702e-02
4.500000000000000000e+01,1.000000000000000000e+00,3.947500000000001702e-02
4.600000000000000000e+01,1.000000000000000000e+00,4.269999999999996021e-02
4.700000000000000000e+01,1.000000000000000000e+00,4.592500000000008381e-02
4.800000000000000000e+01,1.000000000000000000e+00,4.592500000000008381e-02
4.900000000000000000e+01,1.000000000000000000e+00,4.672499999999999570e-02
5.000000000000000000e+01,1.000000000000000000e+00,4.994999999999993889e-02
5.100000000000000000e+01,1.000000000000000000e+00,5.154999999999994309e-02
5.200000000000000000e+01,1.000000000000000000e+00,5.397499999999997439e-02
5.300000000000000000e+01,1.000000000000000000e+00,5.397499999999997439e-02
5.400000000000000000e+01,1.000000000000000000e+00,5.397499999999997439e-02
5.500000000000000000e+01,1.000000000000000000e+00,5.477500000000005975e-02
5.600000000000000000e+01,1.000000000000000000e+00,5.879999999999992177e-02
5.700000000000000000e+01,1.000000000000000000e+00,5.960000000000000714e-02
5.800000000000000000e+01,1.000000000000000000e+00,6.202500000000003844e-02
5.900000000000000000e+01,1.000000000000000000e+00,6.364999999999998437e-02
6.000000000000000000e+01,1.000000000000000000e+00,6.684999999999999276e-02
6.100000000000000000e+01,1.000000000000000000e+00,7.007499999999992901e-02
6.200000000000000000e+01,1.000000000000000000e+00,7.007499999999992901e-02
6.300000000000000000e+01,1.000000000000000000e+00,7.249999999999996725e-02
6.400000000000000000e+01,1.000000000000000000e+00,7.330000000000005955e-02
6.500000000000000000e+01,1.000000000000000000e+00,7.572500000000008391e-02
6.600000000000000000e+01,1.000000000000000000e+00,7.732500000000008811e-02
6.700000000000000000e+01,1.000000000000000000e+00,8.055000000000003824e-02
6.800000000000000000e+01,1.000000000000000000e+00,8.055000000000003824e-02
6.900000000000000000e+01,1.000000000000000000e+00,8.297500000000006259e-02
7.000000000000000000e+01,1.000000000000000000e+00,8.539999999999992042e-02
7.100000000000000000e+01,1.000000000000000000e+00,8.620000000000001272e-02
7.200000000000000000e+01,1.000000000000000000e+00,9.022500000000004128e-02
7.300000000000000000e+01,1.000000000000000000e+00,9.344999999999999141e-02
7.400000000000000000e+01,1.000000000000000000e+00,9.425000000000008371e-02
7.500000000000000000e+01,1.000000000000000000e+00,9.425000000000008371e-02
7.600000000000000000e+01,1.000000000000000000e+00,9.587500000000001577e-02
7.700000000000000000e+01,1.000000000000000000e+00,1.022999999999999743e-01
7.800000000000000000e+01,1.000000000000000000e+00,1.022999999999999743e-01
7.900000000000000000e+01,1.000000000000000000e+00,1.022999999999999743e-01
8.000000000000000000e+01,1.000000000000000000e+00,1.031249999999999944e-01
8.100000000000000000e+01,1.000000000000000000e+00,1.055250000000000909e-01
8.200000000000000000e+01,1.000000000000000000e+00,1.079499999999999488e-01
8.300000000000000000e+01,1.000000000000000000e+00,1.095499999999999530e-01
8.400000000000000000e+01,1.000000000000000000e+00,1.055250000000000909e-01
8.500000000000000000e+01,1.000000000000000000e+00,1.063499999999999446e-01
8.600000000000000000e+01,1.000000000000000000e+00,1.087500000000000411e-01
8.700000000000000000e+01,1.000000000000000000e+00,1.103749999999999731e-01
8.800000000000000000e+01,1.000000000000000000e+00,1.103749999999999731e-01
8.900000000000000000e+01,1.000000000000000000e+00,1.103749999999999731e-01
9.000000000000000000e+01,1.000000000000000000e+00,1.119749999999999773e-01
9.100000000000000000e+01,1.000000000000000000e+00,1.160000000000000198e-01
9.200000000000000000e+01,1.000000000000000000e+00,1.119749999999999773e-01
9.300000000000000000e+01,1.000000000000000000e+00,1.135999999999999233e-01
9.400000000000000000e+01,1.000000000000000000e+00,1.151999999999999275e-01
9.500000000000000000e+01,1.000000000000000000e+00,1.184250000000000441e-01
9.600000000000000000e+01,1.000000000000000000e+00,1.184250000000000441e-01
9.700000000000000000e+01,1.000000000000000000e+00,1.224500000000000866e-01
9.800000000000000000e+01,1.000000000000000000e+00,1.216499999999999942e-01
9.900000000000000000e+01,1.000000000000000000e+00,1.264749999999999486e-01
1.000000000000000000e+02,1.000000000000000000e+00,1.288999999999999591e-01
1.010000000000000000e+02,1.000000000000000000e+00,1.329250000000000154e-01
1.020000000000000000e+02,1.000000000000000000e+00,1.345250000000000057e-01
1.030000000000000000e+02,1.000000000000000000e+00,1.353500000000000258e-01
1.040000000000000000e+02,1.000000000000000000e+00,1.417749999999999844e-01
1.050000000000000000e+02,1.000000000000000000e+00,1.426000000000000045e-01
1.060000000000000000e+02,1.000000000000000000e+00,1.433999999999999164e-01
1.070000000000000000e+02,1.000000000000000000e+00,1.498499999999999832e-01
1.080000000000000000e+02,1.000000000000000000e+00,1.506500000000000894e-01
1.090000000000000000e+02,1.000000000000000000e+00,1.514500000000000013e-01
1.100000000000000000e+02,1.000000000000000000e+00,1.514500000000000013e-01
1.110000000000000000e+02,1.000000000000000000e+00,1.546749999999999514e-01
1.120000000000000000e+02,1.000000000000000000e+00,1.538750000000000395e-01
1.130000000000000000e+02,1.000000000000000000e+00,1.546749999999999514e-01
1.140000000000000000e+02,1.000000000000000000e+00,1.586999999999999800e-01
1.150000000000000000e+02,1.000000000000000000e+00,1.586999999999999800e-01
1.160000000000000000e+02,1.000000000000000000e+00,1.611250000000000182e-01
1.170000000000000000e+02,1.000000000000000000e+00,1.603249999999999120e-01
1.180000000000000000e+02,1.000000000000000000e+00,1.619249999999999301e-01
1.190000000000000000e+02,1.000000000000000000e+00,1.667749999999999788e-01
1.200000000000000000e+02,1.000000000000000000e+00,1.667749999999999788e-01
1.210000000000000000e+02,1.000000000000000000e+00,1.667749999999999788e-01
1.220000000000000000e+02,1.000000000000000000e+00,1.715999999999999193e-01
1.230000000000000000e+02,1.000000000000000000e+00,1.748250000000000637e-01
1.240000000000000000e+02,1.000000000000000000e+00,1.748250000000000637e-01
1.250000000000000000e+02,1.000000000000000000e+00,1.764250000000000540e-01
1.260000000000000000e+02,1.000000000000000000e+00,1.812749999999999362e-01
1.270000000000000000e+02,1.000000000000000000e+00,1.796500000000000041e-01
1.280000000000000000e+02,1.000000000000000000e+00,1.828749999999999543e-01
1.290000000000000000e+02,1.000000000000000000e+00,1.828749999999999543e-01
1.300000000000000000e+02,1.000000000000000000e+00,1.845000000000000528e-01
1.310000000000000000e+02,1.000000000000000000e+00,1.861000000000000709e-01
1.320000000000000000e+02,1.000000000000000000e+00,1.909250000000000114e-01
1.330000000000000000e+02,1.000000000000000000e+00,1.909250000000000114e-01
1.340000000000000000e+02,1.000000000000000000e+00,1.909250000000000114e-01
1.350000000000000000e+02,1.000000000000000000e+00,1.933500000000000496e-01
1.360000000000000000e+02,1.000000000000000000e+00,1.957750000000000878e-01
1.370000000000000000e+02,1.000000000000000000e+00,1.981749999999999901e-01
1.380000000000000000e+02,1.000000000000000000e+00,1.990000000000000102e-01
1.390000000000000000e+02,1.000000000000000000e+00,1.990000000000000102e-01
1.400000000000000000e+02,1.000000000000000000e+00,2.022000000000000186e-01
1.410000000000000000e+02,1.000000000000000000e+00,2.013999999999999402e-01
1.420000000000000000e+02,1.000000000000000000e+00,2.070500000000000951e-01
1.430000000000000000e+02,1.000000000000000000e+00,2.070500000000000951e-01
1.440000000000000000e+02,1.000000000000000000e+00,2.070500000000000951e-01
1.450000000000000000e+02,1.000000000000000000e+00,2.070500000000000951e-01
1.460000000000000000e+02,1.000000000000000000e+00,2.094749999999999390e-01
1.470000000000000000e+02,1.000000000000000000e+00,2.134999999999999676e-01
1.480000000000000000e+02,1.000000000000000000e+00,2.150999999999999857e-01
1.490000000000000000e+02,1.000000000000000000e+00,2.159000000000000641e-01
1.500000000000000000e+02,1.000000000000000000e+00,2.175250000000000239e-01
1.510000000000000000e+02,1.000000000000000000e+00,2.231500000000000428e-01
1.520000000000000000e+02,1.000000000000000000e+00,2.215500000000000524e-01
1.530000000000000000e+02,1.000000000000000000e+00,2.231500000000000428e-01
1.540000000000000000e+02,1.000000000000000000e+00,2.231500000000000428e-01
1.550000000000000000e+02,1.000000000000000000e+00,2.247750000000000026e-01
1.560000000000000000e+02,1.000000000000000000e+00,2.239750000000000907e-01
1.570000000000000000e+02,1.000000000000000000e+00,2.272000000000000131e-01
1.580000000000000000e+02,1.000000000000000000e+00,2.295999999999999430e-01
1.590000000000000000e+02,1.000000000000000000e+00,2.295999999999999430e-01
1.600000000000000000e+02,1.000000000000000000e+00,2.312250000000000694e-01
1.610000000000000000e+02,1.000000000000000000e+00,2.304000000000000214e-01
1.620000000000000000e+02,1.000000000000000000e+00,2.312250000000000694e-01
1.630000000000000000e+02,1.000000000000000000e+00,2.312250000000000694e-01
1.640000000000000000e+02,1.000000000000000000e+00,2.312250000000000694e-01
1.650000000000000000e+02,1.000000000000000000e+00,2.320249999999999813e-01
1.660000000000000000e+02,1.000000000000000000e+00,2.344499999999999917e-01
1.670000000000000000e+02,1.000000000000000000e+00,2.368499999999999217e-01
1.680000000000000000e+02,1.000000000000000000e+00,2.384750000000000481e-01
1.690000000000000000e+02,1.000000000000000000e+00,2.392749999999999599e-01
1.700000000000000000e+02,1.000000000000000000e+00,2.392749999999999599e-01
1.710000000000000000e+02,1.000000000000000000e+00,2.392749999999999599e-01
1.720000000000000000e+02,1.000000000000000000e+00,2.392749999999999599e-01
1.730000000000000000e+02,1.000000000000000000e+00,2.392749999999999599e-01
1.740000000000000000e+02,1.000000000000000000e+00,2.400750000000000384e-01
1.750000000000000000e+02,1.000000000000000000e+00,2.392749999999999599e-01
1.760000000000000000e+02,1.000000000000000000e+00,2.416999999999999704e-01
1.770000000000000000e+02,1.000000000000000000e+00,2.416999999999999704e-01
1.780000000000000000e+02,1.000000000000000000e+00,2.441000000000000669e-01
1.790000000000000000e+02,1.000000000000000000e+00,2.448999999999999788e-01
1.800000000000000000e+02,1.000000000000000000e+00,2.473250000000000171e-01
1.810000000000000000e+02,1.000000000000000000e+00,2.473250000000000171e-01
1.820000000000000000e+02,1.000000000000000000e+00,2.481249999999999289e-01
1.830000000000000000e+02,1.000000000000000000e+00,2.473250000000000171e-01
1.840000000000000000e+02,1.000000000000000000e+00,2.497500000000000553e-01
1.850000000000000000e+02,1.000000000000000000e+00,2.537750000000000838e-01
1.860000000000000000e+02,1.000000000000000000e+00,2.553750000000000742e-01
1.870000000000000000e+02,1.000000000000000000e+00,2.553750000000000742e-01
1.880000000000000000e+02,1.000000000000000000e+00,2.553750000000000742e-01
1.890000000000000000e+02,1.000000000000000000e+00,2.553750000000000742e-01
1.900000000000000000e+02,1.000000000000000000e+00,2.570000000000000062e-01
1.910000000000000000e+02,1.000000000000000000e+00,2.570000000000000062e-01
1.920000000000000000e+02,1.000000000000000000e+00,2.561999999999999278e-01
1.930000000000000000e+02,1.000000000000000000e+00,2.570000000000000062e-01
1.940000000000000000e+02,1.000000000000000000e+00,2.634499999999999065e-01
1.950000000000000000e+02,1.000000000000000000e+00,2.634499999999999065e-01
1.960000000000000000e+02,1.000000000000000000e+00,2.666750000000000509e-01
1.970000000000000000e+02,1.000000000000000000e+00,2.634499999999999065e-01
1.980000000000000000e+02,1.000000000000000000e+00,2.674749999999999628e-01
1.990000000000000000e+02,1.000000000000000000e+00,2.714999999999999636e-01
2.000000000000000000e+02,1.000000000000000000e+00,2.707000000000000517e-01
2.010000000000000000e+02,1.000000000000000000e+00,2.714999999999999636e-01
2.020000000000000000e+02,1.000000000000000000e+00,2.714999999999999636e-01
2.030000000000000000e+02,1.000000000000000000e+00,2.723000000000000975e-01
2.040000000000000000e+02,1.000000000000000000e+00,2.723000000000000975e-01
2.050000000000000000e+02,1.000000000000000000e+00,2.714999999999999636e-01
2.060000000000000000e+02,1.000000000000000000e+00,2.747249999999999415e-01
2.070000000000000000e+02,1.000000000000000000e+00,2.763249999999999318e-01
2.080000000000000000e+02,1.000000000000000000e+00,2.755250000000000199e-01
2.090000000000000000e+02,1.000000000000000000e+00,2.755250000000000199e-01
2.100000000000000000e+02,1.000000000000000000e+00,2.787499999999999423e-01
2.110000000000000000e+02,1.000000000000000000e+00,2.795500000000000762e-01
2.120000000000000000e+02,1.000000000000000000e+00,2.795500000000000762e-01
2.130000000000000000e+02,1.000000000000000000e+00,2.795500000000000762e-01
2.140000000000000000e+02,1.000000000000000000e+00,2.795500000000000762e-01
2.150000000000000000e+02,1.000000000000000000e+00,2.811750000000000083e-01
2.160000000000000000e+02,1.000000000000000000e+00,2.811750000000000083e-01
2.170000000000000000e+02,1.000000000000000000e+00,2.803499999999999881e-01
2.180000000000000000e+02,1.000000000000000000e+00,2.795500000000000762e-01
2.190000000000000000e+02,1.000000000000000000e+00,2.795500000000000762e-01
2.200000000000000000e+02,1.000000000000000000e+00,2.795500000000000762e-01
2.210000000000000000e+02,1.000000000000000000e+00,2.835750000000000770e-01
2.220000000000000000e+02,1.000000000000000000e+00,2.868000000000000549e-01
2.230000000000000000e+02,1.000000000000000000e+00,2.876250000000000751e-01
2.240000000000000000e+02,1.000000000000000000e+00,2.876250000000000751e-01
2.250000000000000000e+02,1.000000000000000000e+00,2.876250000000000751e-01
2.260000000000000000e+02,1.000000000000000000e+00,2.876250000000000751e-01
2.270000000000000000e+02,1.000000000000000000e+00,2.876250000000000751e-01
2.280000000000000000e+02,1.000000000000000000e+00,2.876250000000000751e-01
2.290000000000000000e+02,1.000000000000000000e+00,2.884249999999999869e-01
2.300000000000000000e+02,1.000000000000000000e+00,2.924499999999999877e-01
2.310000000000000000e+02,1.000000000000000000e+00,2.932499999999998996e-01
2.320000000000000000e+02,1.000000000000000000e+00,2.956749999999999656e-01
2.330000000000000000e+02,1.000000000000000000e+00,2.956749999999999656e-01
2.340000000000000000e+02,1.000000000000000000e+00,2.972749999999999559e-01
2.350000000000000000e+02,1.000000000000000000e+00,2.956749999999999656e-01
2.360000000000000000e+02,1.000000000000000000e+00,2.972749999999999559e-01
2.370000000000000000e+02,1.000000000000000000e+00,2.964750000000000441e-01
2.380000000000000000e+02,1.000000000000000000e+00,3.037249999999998562e-01
2.390000000000000000e+02,1.000000000000000000e+00,3.037249999999998562e-01
2.400000000000000000e+02,1.000000000000000000e+00,3.037249999999998562e-01
2.410000000000000000e+02,1.000000000000000000e+00,3.037249999999998562e-01
2.420000000000000000e+02,1.000000000000000000e+00,3.037249999999998562e-01
2.430000000000000000e+02,1.000000000000000000e+00,3.061500000000000332e-01
2.440000000000000000e+02,1.000000000000000000e+00,3.069499999999999451e-01
2.450000000000000000e+02,1.000000000000000000e+00,3.053250000000000131e-01
2.460000000000000000e+02,1.000000000000000000e+00,3.069499999999999451e-01
2.470000000000000000e+02,1.000000000000000000e+00,3.101750000000000895e-01
2.480000000000000000e+02,1.000000000000000000e+00,3.117749999999999133e-01
2.490000000000000000e+02,1.000000000000000000e+00,3.109750000000000014e-01
2.500000000000000000e+02,1.000000000000000000e+00,3.117749999999999133e-01
2.510000000000000000e+02,1.000000000000000000e+00,3.117749999999999133e-01
2.520000000000000000e+02,1.000000000000000000e+00,3.109750000000000014e-01
2.530000000000000000e+02,1.000000000000000000e+00,3.117749999999999133e-01
2.540000000000000000e+02,1.000000000000000000e+00,3.117749999999999133e-01
2.550000000000000000e+02,1.000000000000000000e+00,3.117749999999999133e-01
2.560000000000000000e+02,1.000000000000000000e+00,3.142000000000001458e-01
2.570000000000000000e+02,1.000000000000000000e+00,3.125999999999999335e-01
2.580000000000000000e+02,1.000000000000000000e+00,3.166249999999999898e-01
2.590000000000000000e+02,1.000000000000000000e+00,3.182250000000001466e-01
2.600000000000000000e+02,1.000000000000000000e+00,3.190250000000000585e-01
2.610000000000000000e+02,1.000000000000000000e+00,3.190250000000000585e-01
2.620000000000000000e+02,1.000000000000000000e+00,3.198500000000000787e-01
2.630000000000000000e+02,1.000000000000000000e+00,3.198500000000000787e-01
2.640000000000000000e+02,1.000000000000000000e+00,3.206499999999999906e-01
2.650000000000000000e+02,1.000000000000000000e+00,3.198500000000000787e-01
2.660000000000000000e+02,1.000000000000000000e+00,3.214499999999999025e-01
2.670000000000000000e+02,1.000000000000000000e+00,3.230500000000001148e-01
2.680000000000000000e+02,1.000000000000000000e+00,3.246750000000000469e-01
2.690000000000000000e+02,1.000000000000000000e+00,3.222499999999998144e-01
2.700000000000000000e+02,1.000000000000000000e+00,3.262749999999998707e-01
2.710000000000000000e+02,1.000000000000000000e+00,3.270999999999998908e-01
2.720000000000000000e+02,1.000000000000000000e+00,3.279000000000001913e-01
2.730000000000000000e+02,1.000000000000000000e+00,3.279000000000001913e-01
2.740000000000000000e+02,1.000000000000000000e+00,3.295000000000000151e-01
2.750000000000000000e+02,1.000000000000000000e+00,3.359499999999998598e-01
2.760000000000000000e+02,1.000000000000000000e+00,3.359499999999998598e-01
2.770000000000000000e+02,1.000000000000000000e+00,3.359499999999998598e-01
2.780000000000000000e+02,1.000000000000000000e+00,3.359499999999998598e-01
2.790000000000000000e+02,1.000000000000000000e+00,3.343500000000000361e-01
2.800000000000000000e+02,1.000000000000000000e+00,3.343500000000000361e-01
2.810000000000000000e+02,1.000000000000000000e+00,3.335250000000000159e-01
2.820000000000000000e+02,1.000000000000000000e+00,3.351499999999999480e-01
2.830000000000000000e+02,1.000000000000000000e+00,3.343500000000000361e-01
2.840000000000000000e+02,1.000000000000000000e+00,3.327250000000001040e-01
2.850000000000000000e+02,1.000000000000000000e+00,3.359499999999998598e-01
2.860000000000000000e+02,1.000000000000000000e+00,3.351499999999999480e-01
2.870000000000000000e+02,1.000000000000000000e+00,3.327250000000001040e-01
2.880000000000000000e+02,1.000000000000000000e+00,3.303250000000000353e-01
2.890000000000000000e+02,1.000000000000000000e+00,3.279000000000001913e-01
2.900000000000000000e+02,1.000000000000000000e+00,3.303250000000000353e-01
2.910000000000000000e+02,1.000000000000000000e+00,3.335250000000000159e-01
2.920000000000000000e+02,1.000000000000000000e+00,3.351499999999999480e-01
2.930000000000000000e+02,1.000000000000000000e+00,3.359499999999998598e-01
2.940000000000000000e+02,1.000000000000000000e+00,3.359499999999998598e-01
2.950000000000000000e+02,1.000000000000000000e+00,3.359499999999998598e-01
2.960000000000000000e+02,1.000000000000000000e+00,3.383750000000000924e-01
2.970000000000000000e+02,1.000000000000000000e+00,3.375750000000001805e-01
2.980000000000000000e+02,1.000000000000000000e+00,3.391750000000000043e-01
2.990000000000000000e+02,1.000000000000000000e+00,3.391750000000000043e-01
3.000000000000000000e+02,1.000000000000000000e+00,3.391750000000000043e-01
3.010000000000000000e+02,1.000000000000000000e+00,3.391750000000000043e-01
3.020000000000000000e+02,1.000000000000000000e+00,3.407749999999998280e-01
3.030000000000000000e+02,1.000000000000000000e+00,3.407749999999998280e-01
3.040000000000000000e+02,1.000000000000000000e+00,3.367500000000001603e-01
3.050000000000000000e+02,1.000000000000000000e+00,3.367500000000001603e-01
3.060000000000000000e+02,1.000000000000000000e+00,3.399749999999999162e-01
3.070000000000000000e+02,1.000000000000000000e+00,3.407749999999998280e-01
3.080000000000000000e+02,1.000000000000000000e+00,3.415999999999998482e-01
3.090000000000000000e+02,1.000000000000000000e+00,3.375750000000001805e-01
3.100000000000000000e+02,1.000000000000000000e+00,3.383750000000000924e-01
3.110000000000000000e+02,1.000000000000000000e+00,3.415999999999998482e-01
3.120000000000000000e+02,1.000000000000000000e+00,3.391750000000000043e-01
3.130000000000000000e+02,1.000000000000000000e+00,3.359499999999998598e-01
3.140000000000000000e+02,1.000000000000000000e+00,3.359499999999998598e-01
3.150000000000000000e+02,1.000000000000000000e+00,3.375750000000001805e-01
3.160000000000000000e+02,1.000000000000000000e+00,3.391750000000000043e-01
3.170000000000000000e+02,1.000000000000000000e+00,3.424000000000001487e-01
3.180000000000000000e+02,1.000000000000000000e+00,3.439999999999999725e-01
3.190000000000000000e+02,1.000000000000000000e+00,3.439999999999999725e-01
3.200000000000000000e+02,1.000000000000000000e+00,3.439999999999999725e-01
3.210000000000000000e+02,1.000000000000000000e+00,3.439999999999999725e-01
3.220000000000000000e+02,1.000000000000000000e+00,3.439999999999999725e-01
3.230000000000000000e+02,1.000000000000000000e+00,3.439999999999999725e-01
3.240000000000000000e+02,1.000000000000000000e+00,3.439999999999999725e-01
3.250000000000000000e+02,1.000000000000000000e+00,3.439999999999999725e-01
3.260000000000000000e+02,1.000000000000000000e+00,3.439999999999999725e-01
3.270000000000000000e+02,1.000000000000000000e+00,3.439999999999999725e-01
3.280000000000000000e+02,1.000000000000000000e+00,3.439999999999999725e-01
3.290000000000000000e+02,1.000000000000000000e+00,3.439999999999999725e-01
3.300000000000000000e+02,1.000000000000000000e+00,3.439999999999999725e-01
3.310000000000000000e+02,1.000000000000000000e+00,3.439999999999999725e-01
3.320000000000000000e+02,1.000000000000000000e+00,3.439999999999999725e-01
3.330000000000000000e+02,1.000000000000000000e+00,3.439999999999999725e-01
3.340000000000000000e+02,1.000000000000000000e+00,3.439999999999999725e-01
3.350000000000000000e+02,1.000000000000000000e+00,3.439999999999999725e-01
3.360000000000000000e+02,1.000000000000000000e+00,3.448249999999999926e-01
3.370000000000000000e+02,1.000000000000000000e+00,3.448249999999999926e-01
3.380000000000000000e+02,1.000000000000000000e+00,3.448249999999999926e-01
3.390000000000000000e+02,1.000000000000000000e+00,3.439999999999999725e-01
3.400000000000000000e+02,1.000000000000000000e+00,3.472250000000000614e-01
3.410000000000000000e+02,1.000000000000000000e+00,3.472250000000000614e-01
3.420000000000000000e+02,1.000000000000000000e+00,3.504499999999998172e-01
3.430000000000000000e+02,1.000000000000000000e+00,3.464250000000001495e-01
3.440000000000000000e+02,1.000000000000000000e+00,3.439999999999999725e-01
3.450000000000000000e+02,1.000000000000000000e+00,3.448249999999999926e-01
3.460000000000000000e+02,1.000000000000000000e+00,3.464250000000001495e-01
3.470000000000000000e+02,1.000000000000000000e+00,3.448249999999999926e-01
3.480000000000000000e+02,1.000000000000000000e+00,3.439999999999999725e-01
3.490000000000000000e+02,1.000000000000000000e+00,3.448249999999999926e-01
3.500000000000000000e+02,1.000000000000000000e+00,3.464250000000001495e-01
3.510000000000000000e+02,1.000000000000000000e+00,3.496499999999999053e-01
3.520000000000000000e+02,1.000000000000000000e+00,3.496499999999999053e-01
3.530000000000000000e+02,1.000000000000000000e+00,3.504499999999998172e-01
3.540000000000000000e+02,1.000000000000000000e+00,3.520750000000001378e-01
3.550000000000000000e+02,1.000000000000000000e+00,3.520750000000001378e-01
3.560000000000000000e+02,1.000000000000000000e+00,3.536749999999999616e-01
3.570000000000000000e+02,1.000000000000000000e+00,3.552999999999998937e-01
3.580000000000000000e+02,1.000000000000000000e+00,3.569000000000001060e-01
3.590000000000000000e+02,1.000000000000000000e+00,3.536749999999999616e-01
3.600000000000000000e+02,1.000000000000000000e+00,3.561000000000001942e-01
3.610000000000000000e+02,1.000000000000000000e+00,3.544749999999998735e-01
3.620000000000000000e+02,1.000000000000000000e+00,3.584999999999999298e-01
3.630000000000000000e+02,1.000000000000000000e+00,3.584999999999999298e-01
3.640000000000000000e+02,1.000000000000000000e+00,3.584999999999999298e-01
3.650000000000000000e+02,1.000000000000000000e+00,3.601249999999998619e-01
3.660000000000000000e+02,1.000000000000000000e+00,3.593249999999999500e-01
3.670000000000000000e+02,1.000000000000000000e+00,3.601249999999998619e-01
3.680000000000000000e+02,1.000000000000000000e+00,3.601249999999998619e-01
3.690000000000000000e+02,1.000000000000000000e+00,3.601249999999998619e-01
3.700000000000000000e+02,1.000000000000000000e+00,3.625500000000000389e-01
3.710000000000000000e+02,1.000000000000000000e+00,3.609250000000001068e-01
3.720000000000000000e+02,1.000000000000000000e+00,3.625500000000000389e-01
3.730000000000000000e+02,1.000000000000000000e+00,3.625500000000000389e-01
3.740000000000000000e+02,1.000000000000000000e+00,3.625500000000000389e-01
3.750000000000000000e+02,1.000000000000000000e+00,3.609250000000001068e-01
3.760000000000000000e+02,1.000000000000000000e+00,3.617250000000000187e-01
3.770000000000000000e+02,1.000000000000000000e+00,3.609250000000001068e-01
3.780000000000000000e+02,1.000000000000000000e+00,3.601249999999998619e-01
3.790000000000000000e+02,1.000000000000000000e+00,3.617250000000000187e-01
3.800000000000000000e+02,1.000000000000000000e+00,3.641499999999998627e-01
3.810000000000000000e+02,1.000000000000000000e+00,3.601249999999998619e-01
3.820000000000000000e+02,1.000000000000000000e+00,3.609250000000001068e-01
3.830000000000000000e+02,1.000000000000000000e+00,3.601249999999998619e-01
3.840000000000000000e+02,1.000000000000000000e+00,3.601249999999998619e-01
3.850000000000000000e+02,1.000000000000000000e+00,3.601249999999998619e-01
3.860000000000000000e+02,1.000000000000000000e+00,3.601249999999998619e-01
3.870000000000000000e+02,1.000000000000000000e+00,3.601249999999998619e-01
3.880000000000000000e+02,1.000000000000000000e+00,3.601249999999998619e-01
3.890000000000000000e+02,1.000000000000000000e+00,3.601249999999998619e-01
3.900000000000000000e+02,1.000000000000000000e+00,3.601249999999998619e-01
3.910000000000000000e+02,1.000000000000000000e+00,3.601249999999998619e-01
3.920000000000000000e+02,1.000000000000000000e+00,3.601249999999998619e-01
3.930000000000000000e+02,1.000000000000000000e+00,3.601249999999998619e-01
3.940000000000000000e+02,1.000000000000000000e+00,3.617250000000000187e-01
3.950000000000000000e+02,1.000000000000000000e+00,3.601249999999998619e-01
3.960000000000000000e+02,1.000000000000000000e+00,3.609250000000001068e-01
3.970000000000000000e+02,1.000000000000000000e+00,3.601249999999998619e-01
3.980000000000000000e+02,1.000000000000000000e+00,3.625500000000000389e-01
3.990000000000000000e+02,1.000000000000000000e+00,3.601249999999998619e-01
4.000000000000000000e+02,1.000000000000000000e+00,3.625500000000000389e-01
4.010000000000000000e+02,1.000000000000000000e+00,3.609250000000001068e-01
4.020000000000000000e+02,1.000000000000000000e+00,3.609250000000001068e-01
4.030000000000000000e+02,1.000000000000000000e+00,3.641499999999998627e-01
4.040000000000000000e+02,1.000000000000000000e+00,3.649500000000001632e-01
4.050000000000000000e+02,1.000000000000000000e+00,3.665750000000000952e-01
4.060000000000000000e+02,1.000000000000000000e+00,3.665750000000000952e-01
4.070000000000000000e+02,1.000000000000000000e+00,3.673750000000000071e-01
4.080000000000000000e+02,1.000000000000000000e+00,3.633499999999999508e-01
4.090000000000000000e+02,1.000000000000000000e+00,3.625500000000000389e-01
4.100000000000000000e+02,1.000000000000000000e+00,3.649500000000001632e-01
4.110000000000000000e+02,1.000000000000000000e+00,3.649500000000001632e-01
4.120000000000000000e+02,1.000000000000000000e+00,3.641499999999998627e-01
4.130000000000000000e+02,1.000000000000000000e+00,3.649500000000001632e-01
4.140000000000000000e+02,1.000000000000000000e+00,3.649500000000001632e-01
4.150000000000000000e+02,1.000000000000000000e+00,3.625500000000000389e-01
4.160000000000000000e+02,1.000000000000000000e+00,3.625500000000000389e-01
4.170000000000000000e+02,1.000000000000000000e+00,3.617250000000000187e-01
4.180000000000000000e+02,1.000000000000000000e+00,3.625500000000000389e-01
4.190000000000000000e+02,1.000000000000000000e+00,3.617250000000000187e-01
4.200000000000000000e+02,1.000000000000000000e+00,3.609250000000001068e-01
4.210000000000000000e+02,1.000000000000000000e+00,3.641499999999998627e-01
4.220000000000000000e+02,1.000000000000000000e+00,3.641499999999998627e-01
4.230000000000000000e+02,1.000000000000000000e+00,3.633499999999999508e-01
4.240000000000000000e+02,1.000000000000000000e+00,3.657500000000000751e-01
4.250000000000000000e+02,1.000000000000000000e+00,3.673750000000000071e-01
4.260000000000000000e+02,1.000000000000000000e+00,3.673750000000000071e-01
4.270000000000000000e+02,1.000000000000000000e+00,3.649500000000001632e-01
4.280000000000000000e+02,1.000000000000000000e+00,3.681749999999999190e-01
4.290000000000000000e+02,1.000000000000000000e+00,3.681749999999999190e-01
4.300000000000000000e+02,1.000000000000000000e+00,3.681749999999999190e-01
4.310000000000000000e+02,1.000000000000000000e+00,3.681749999999999190e-01
4.320000000000000000e+02,1.000000000000000000e+00,3.681749999999999190e-01
4.330000000000000000e+02,1.000000000000000000e+00,3.681749999999999190e-01
4.340000000000000000e+02,1.000000000000000000e+00,3.681749999999999190e-01
4.350000000000000000e+02,1.000000000000000000e+00,3.714000000000000634e-01
4.360000000000000000e+02,1.000000000000000000e+00,3.730249999999999955e-01
4.370000000000000000e+02,1.000000000000000000e+00,3.762249999999999761e-01
4.380000000000000000e+02,1.000000000000000000e+00,3.762249999999999761e-01
4.390000000000000000e+02,1.000000000000000000e+00,3.762249999999999761e-01
4.400000000000000000e+02,1.000000000000000000e+00,3.762249999999999761e-01
4.410000000000000000e+02,1.000000000000000000e+00,3.762249999999999761e-01
4.420000000000000000e+02,1.000000000000000000e+00,3.762249999999999761e-01
4.430000000000000000e+02,1.000000000000000000e+00,3.762249999999999761e-01
4.440000000000000000e+02,1.000000000000000000e+00,3.754250000000000642e-01
4.450000000000000000e+02,1.000000000000000000e+00,3.746250000000001523e-01
4.460000000000000000e+02,1.000000000000000000e+00,3.762249999999999761e-01
4.470000000000000000e+02,1.000000000000000000e+00,3.762249999999999761e-01
4.480000000000000000e+02,1.000000000000000000e+00,3.762249999999999761e-01
4.490000000000000000e+02,1.000000000000000000e+00,3.762249999999999761e-01
4.500000000000000000e+02,1.000000000000000000e+00,3.754250000000000642e-01
4.510000000000000000e+02,1.000000000000000000e+00,3.762249999999999761e-01
4.520000000000000000e+02,1.000000000000000000e+00,3.762249999999999761e-01
4.530000000000000000e+02,1.000000000000000000e+00,3.762249999999999761e-01
4.540000000000000000e+02,1.000000000000000000e+00,3.762249999999999761e-01
4.550000000000000000e+02,1.000000000000000000e+00,3.794500000000001205e-01
4.560000000000000000e+02,1.000000000000000000e+00,3.794500000000001205e-01
4.570000000000000000e+02,1.000000000000000000e+00,3.843000000000001970e-01
4.580000000000000000e+02,1.000000000000000000e+00,3.843000000000001970e-01
4.590000000000000000e+02,1.000000000000000000e+00,3.843000000000001970e-01
4.600000000000000000e+02,1.000000000000000000e+00,3.818749999999999645e-01
4.610000000000000000e+02,1.000000000000000000e+00,3.770499999999999963e-01
4.620000000000000000e+02,1.000000000000000000e+00,3.762249999999999761e-01
4.630000000000000000e+02,1.000000000000000000e+00,3.802750000000001407e-01
4.640000000000000000e+02,1.000000000000000000e+00,3.786499999999998201e-01
4.650000000000000000e+02,1.000000000000000000e+00,3.794500000000001205e-01
4.660000000000000000e+02,1.000000000000000000e+00,3.786499999999998201e-01
4.670000000000000000e+02,1.000000000000000000e+00,3.786499999999998201e-01
4.680000000000000000e+02,1.000000000000000000e+00,3.770499999999999963e-01
4.690000000000000000e+02,1.000000000000000000e+00,3.770499999999999963e-01
4.700000000000000000e+02,1.000000000000000000e+00,3.762249999999999761e-01
4.710000000000000000e+02,1.000000000000000000e+00,3.762249999999999761e-01
4.720000000000000000e+02,1.000000000000000000e+00,3.778499999999999082e-01
4.730000000000000000e+02,1.000000000000000000e+00,3.810750000000000526e-01
4.740000000000000000e+02,1.000000000000000000e+00,3.794500000000001205e-01
4.750000000000000000e+02,1.000000000000000000e+00,3.826749999999998764e-01
4.760000000000000000e+02,1.000000000000000000e+00,3.843000000000001970e-01
4.770000000000000000e+02,1.000000000000000000e+00,3.826749999999998764e-01
4.780000000000000000e+02,1.000000000000000000e+00,3.834750000000001213e-01
4.790000000000000000e+02,1.000000000000000000e+00,3.826749999999998764e-01
4.800000000000000000e+02,1.000000000000000000e+00,3.834750000000001213e-01
4.810000000000000000e+02,1.000000000000000000e+00,3.843000000000001970e-01
4.820000000000000000e+02,1.000000000000000000e+00,3.843000000000001970e-01
4.830000000000000000e+02,1.000000000000000000e+00,3.843000000000001970e-01
4.840000000000000000e+02,1.000000000000000000e+00,3.834750000000001213e-01
4.850000000000000000e+02,1.000000000000000000e+00,3.834750000000001213e-01
4.860000000000000000e+02,1.000000000000000000e+00,3.810750000000000526e-01
4.870000000000000000e+02,1.000000000000000000e+00,3.794500000000001205e-01
4.880000000000000000e+02,1.000000000000000000e+00,3.818749999999999645e-01
4.890000000000000000e+02,1.000000000000000000e+00,3.826749999999998764e-01
4.900000000000000000e+02,1.000000000000000000e+00,3.834750000000001213e-01
4.910000000000000000e+02,1.000000000000000000e+00,3.794500000000001205e-01
4.920000000000000000e+02,1.000000000000000000e+00,3.826749999999998764e-01
4.930000000000000000e+02,1.000000000000000000e+00,3.834750000000001213e-01
4.940000000000000000e+02,1.000000000000000000e+00,3.843000000000001970e-01
4.950000000000000000e+02,1.000000000000000000e+00,3.834750000000001213e-01
4.960000000000000000e+02,1.000000000000000000e+00,3.834750000000001213e-01
4.970000000000000000e+02,1.000000000000000000e+00,3.843000000000001970e-01
4.980000000000000000e+02,1.000000000000000000e+00,3.843000000000001970e-01
4.990000000000000000e+02,1.000000000000000000e+00,3.834750000000001213e-01
5.000000000000000000e+02,1.000000000000000000e+00,3.843000000000001970e-01
5.010000000000000000e+02,1.000000000000000000e+00,3.843000000000001970e-01
5.020000000000000000e+02,1.000000000000000000e+00,3.834750000000001213e-01
5.030000000000000000e+02,1.000000000000000000e+00,3.843000000000001970e-01
5.040000000000000000e+02,1.000000000000000000e+00,3.843000000000001970e-01
5.050000000000000000e+02,1.000000000000000000e+00,3.843000000000001970e-01
5.060000000000000000e+02,1.000000000000000000e+00,3.843000000000001970e-01
5.070000000000000000e+02,1.000000000000000000e+00,3.843000000000001970e-01
5.080000000000000000e+02,1.000000000000000000e+00,3.843000000000001970e-01
5.090000000000000000e+02,1.000000000000000000e+00,3.851000000000001089e-01
5.100000000000000000e+02,1.000000000000000000e+00,3.843000000000001970e-01
5.110000000000000000e+02,1.000000000000000000e+00,3.843000000000001970e-01
5.120000000000000000e+02,1.000000000000000000e+00,3.843000000000001970e-01
5.130000000000000000e+02,1.000000000000000000e+00,3.843000000000001970e-01
5.140000000000000000e+02,1.000000000000000000e+00,3.843000000000001970e-01
5.150000000000000000e+02,1.000000000000000000e+00,3.843000000000001970e-01
5.160000000000000000e+02,1.000000000000000000e+00,3.843000000000001970e-01
5.170000000000000000e+02,1.000000000000000000e+00,3.843000000000001970e-01
5.180000000000000000e+02,1.000000000000000000e+00,3.843000000000001970e-01
5.190000000000000000e+02,1.000000000000000000e+00,3.843000000000001970e-01
5.200000000000000000e+02,1.000000000000000000e+00,3.843000000000001970e-01
5.210000000000000000e+02,1.000000000000000000e+00,3.843000000000001970e-01
5.220000000000000000e+02,1.000000000000000000e+00,3.843000000000001970e-01
5.230000000000000000e+02,1.000000000000000000e+00,3.843000000000001970e-01
5.240000000000000000e+02,1.000000000000000000e+00,3.843000000000001970e-01
5.250000000000000000e+02,1.000000000000000000e+00,3.843000000000001970e-01
5.260000000000000000e+02,1.000000000000000000e+00,3.843000000000001970e-01
5.270000000000000000e+02,1.000000000000000000e+00,3.834750000000001213e-01
5.280000000000000000e+02,1.000000000000000000e+00,3.843000000000001970e-01
5.290000000000000000e+02,1.000000000000000000e+00,3.843000000000001970e-01
5.300000000000000000e+02,1.000000000000000000e+00,3.843000000000001970e-01
5.310000000000000000e+02,1.000000000000000000e+00,3.843000000000001970e-01
5.320000000000000000e+02,1.000000000000000000e+00,3.851000000000001089e-01
5.330000000000000000e+02,1.000000000000000000e+00,3.851000000000001089e-01
5.340000000000000000e+02,1.000000000000000000e+00,3.843000000000001970e-01
5.350000000000000000e+02,1.000000000000000000e+00,3.843000000000001970e-01
5.360000000000000000e+02,1.000000000000000000e+00,3.843000000000001970e-01
5.370000000000000000e+02,1.000000000000000000e+00,3.843000000000001970e-01
5.380000000000000000e+02,1.000000000000000000e+00,3.843000000000001970e-01
5.390000000000000000e+02,1.000000000000000000e+00,3.818749999999999645e-01
5.400000000000000000e+02,1.000000000000000000e+00,3.786499999999998201e-01
5.410000000000000000e+02,1.000000000000000000e+00,3.778499999999999082e-01
5.420000000000000000e+02,1.000000000000000000e+00,3.786499999999998201e-01
5.430000000000000000e+02,1.000000000000000000e+00,3.818749999999999645e-01
5.440000000000000000e+02,1.000000000000000000e+00,3.826749999999998764e-01
5.450000000000000000e+02,1.000000000000000000e+00,3.818749999999999645e-01
5.460000000000000000e+02,1.000000000000000000e+00,3.778499999999999082e-01
5.470000000000000000e+02,1.000000000000000000e+00,3.794500000000001205e-01
5.480000000000000000e+02,1.000000000000000000e+00,3.826749999999998764e-01
5.490000000000000000e+02,1.000000000000000000e+00,3.826749999999998764e-01
5.500000000000000000e+02,1.000000000000000000e+00,3.818749999999999645e-01
5.510000000000000000e+02,1.000000000000000000e+00,3.810750000000000526e-01
5.520000000000000000e+02,1.000000000000000000e+00,3.786499999999998201e-01
5.530000000000000000e+02,1.000000000000000000e+00,3.843000000000001970e-01
5.540000000000000000e+02,1.000000000000000000e+00,3.843000000000001970e-01
5.550000000000000000e+02,1.000000000000000000e+00,3.843000000000001970e-01
5.560000000000000000e+02,1.000000000000000000e+00,3.843000000000001970e-01
5.570000000000000000e+02,1.000000000000000000e+00,3.843000000000001970e-01
5.580000000000000000e+02,1.000000000000000000e+00,3.843000000000001970e-01
5.590000000000000000e+02,1.000000000000000000e+00,3.843000000000001970e-01
5.600000000000000000e+02,1.000000000000000000e+00,3.843000000000001970e-01
5.610000000000000000e+02,1.000000000000000000e+00,3.834750000000001213e-01
5.620000000000000000e+02,1.000000000000000000e+00,3.843000000000001970e-01
5.630000000000000000e+02,1.000000000000000000e+00,3.834750000000001213e-01
5.640000000000000000e+02,1.000000000000000000e+00,3.834750000000001213e-01
5.650000000000000000e+02,1.000000000000000000e+00,3.826749999999998764e-01
5.660000000000000000e+02,1.000000000000000000e+00,3.843000000000001970e-01
5.670000000000000000e+02,1.000000000000000000e+00,3.843000000000001970e-01
5.680000000000000000e+02,1.000000000000000000e+00,3.843000000000001970e-01
5.690000000000000000e+02,1.000000000000000000e+00,3.866999999999999327e-01
5.700000000000000000e+02,1.000000000000000000e+00,3.859000000000000208e-01
5.710000000000000000e+02,1.000000000000000000e+00,3.866999999999999327e-01
5.720000000000000000e+02,1.000000000000000000e+00,3.843000000000001970e-01
5.730000000000000000e+02,1.000000000000000000e+00,3.859000000000000208e-01
5.740000000000000000e+02,1.000000000000000000e+00,3.866999999999999327e-01
5.750000000000000000e+02,1.000000000000000000e+00,3.875249999999999528e-01
5.760000000000000000e+02,1.000000000000000000e+00,3.883249999999998647e-01
5.770000000000000000e+02,1.000000000000000000e+00,3.859000000000000208e-01
5.780000000000000000e+02,1.000000000000000000e+00,3.851000000000001089e-01
5.790000000000000000e+02,1.000000000000000000e+00,3.875249999999999528e-01
5.800000000000000000e+02,1.000000000000000000e+00,3.843000000000001970e-01
5.810000000000000000e+02,1.000000000000000000e+00,3.851000000000001089e-01
5.820000000000000000e+02,1.000000000000000000e+00,3.843000000000001970e-01
5.830000000000000000e+02,1.000000000000000000e+00,3.851000000000001089e-01
5.840000000000000000e+02,1.000000000000000000e+00,3.883249999999998647e-01
5.850000000000000000e+02,1.000000000000000000e+00,3.899250000000000216e-01
5.860000000000000000e+02,1.000000000000000000e+00,3.907500000000000417e-01
5.870000000000000000e+02,1.000000000000000000e+00,3.923499999999998655e-01
5.880000000000000000e+02,1.000000000000000000e+00,3.923499999999998655e-01
5.890000000000000000e+02,1.000000000000000000e+00,3.859000000000000208e-01
5.900000000000000000e+02,1.000000000000000000e+00,3.883249999999998647e-01
5.910000000000000000e+02,1.000000000000000000e+00,3.891250000000001097e-01
5.920000000000000000e+02,1.000000000000000000e+00,3.915499999999999536e-01
5.930000000000000000e+02,1.000000000000000000e+00,3.923499999999998655e-01
5.940000000000000000e+02,1.000000000000000000e+00,3.915499999999999536e-01
5.950000000000000000e+02,1.000000000000000000e+00,3.923499999999998655e-01
5.960000000000000000e+02,1.000000000000000000e+00,3.923499999999998655e-01
5.970000000000000000e+02,1.000000000000000000e+00,3.923499999999998655e-01
5.980000000000000000e+02,1.000000000000000000e+00,3.923499999999998655e-01
5.990000000000000000e+02,1.000000000000000000e+00,3.923499999999998655e-01
6.000000000000000000e+02,1.000000000000000000e+00,3.923499999999998655e-01
6.010000000000000000e+02,1.000000000000000000e+00,3.923499999999998655e-01
6.020000000000000000e+02,1.000000000000000000e+00,3.923499999999998655e-01
6.030000000000000000e+02,1.000000000000000000e+00,3.923499999999998655e-01
6.040000000000000000e+02,1.000000000000000000e+00,3.923499999999998655e-01
6.050000000000000000e+02,1.000000000000000000e+00,3.923499999999998655e-01
6.060000000000000000e+02,1.000000000000000000e+00,3.923499999999998655e-01
6.070000000000000000e+02,1.000000000000000000e+00,3.923499999999998655e-01
6.080000000000000000e+02,1.000000000000000000e+00,3.923499999999998655e-01
6.090000000000000000e+02,1.000000000000000000e+00,3.923499999999998655e-01
6.100000000000000000e+02,1.000000000000000000e+00,3.923499999999998655e-01
6.110000000000000000e+02,1.000000000000000000e+00,3.923499999999998655e-01
6.120000000000000000e+02,1.000000000000000000e+00,3.931500000000001660e-01
6.130000000000000000e+02,1.000000000000000000e+00,3.931500000000001660e-01
6.140000000000000000e+02,1.000000000000000000e+00,3.931500000000001660e-01
6.150000000000000000e+02,1.000000000000000000e+00,3.931500000000001660e-01
6.160000000000000000e+02,1.000000000000000000e+00,3.947750000000000981e-01
6.170000000000000000e+02,1.000000000000000000e+00,3.947750000000000981e-01
6.180000000000000000e+02,1.000000000000000000e+00,3.971749999999998337e-01
6.190000000000000000e+02,1.000000000000000000e+00,4.003999999999999782e-01
6.200000000000000000e+02,1.000000000000000000e+00,4.003999999999999782e-01
6.210000000000000000e+02,1.000000000000000000e+00,4.003999999999999782e-01
6.220000000000000000e+02,1.000000000000000000e+00,4.003999999999999782e-01
6.230000000000000000e+02,1.000000000000000000e+00,4.003999999999999782e-01
6.240000000000000000e+02,1.000000000000000000e+00,4.003999999999999782e-01
6.250000000000000000e+02,1.000000000000000000e+00,4.003999999999999782e-01
6.260000000000000000e+02,1.000000000000000000e+00,4.003999999999999782e-01
6.270000000000000000e+02,1.000000000000000000e+00,3.996000000000000663e-01
6.280000000000000000e+02,1.000000000000000000e+00,3.996000000000000663e-01
6.290000000000000000e+02,1.000000000000000000e+00,3.979999999999998539e-01
6.300000000000000000e+02,1.000000000000000000e+00,3.979999999999998539e-01
6.310000000000000000e+02,1.000000000000000000e+00,3.979999999999998539e-01
6.320000000000000000e+02,1.000000000000000000e+00,3.939500000000000779e-01
6.330000000000000000e+02,1.000000000000000000e+00,3.939500000000000779e-01
6.340000000000000000e+02,1.000000000000000000e+00,3.939500000000000779e-01
6.350000000000000000e+02,1.000000000000000000e+00,3.963749999999999218e-01
6.360000000000000000e+02,1.000000000000000000e+00,4.003999999999999782e-01
6.370000000000000000e+02,1.000000000000000000e+00,3.996000000000000663e-01
6.380000000000000000e+02,1.000000000000000000e+00,4.003999999999999782e-01
6.390000000000000000e+02,1.000000000000000000e+00,4.003999999999999782e-01
6.400000000000000000e+02,1.000000000000000000e+00,4.003999999999999782e-01
6.410000000000000000e+02,1.000000000000000000e+00,4.003999999999999782e-01
6.420000000000000000e+02,1.000000000000000000e+00,4.003999999999999782e-01
6.430000000000000000e+02,1.000000000000000000e+00,4.003999999999999782e-01
6.440000000000000000e+02,1.000000000000000000e+00,3.996000000000000663e-01
6.450000000000000000e+02,1.000000000000000000e+00,4.003999999999999782e-01
6.460000000000000000e+02,1.000000000000000000e+00,4.003999999999999782e-01
6.470000000000000000e+02,1.000000000000000000e+00,4.003999999999999782e-01
6.480000000000000000e+02,1.000000000000000000e+00,4.003999999999999782e-01
6.490000000000000000e+02,1.000000000000000000e+00,4.003999999999999782e-01
6.500000000000000000e+02,1.000000000000000000e+00,4.003999999999999782e-01
6.510000000000000000e+02,1.000000000000000000e+00,4.011999999999998900e-01
6.520000000000000000e+02,1.000000000000000000e+00,4.003999999999999782e-01
6.530000000000000000e+02,1.000000000000000000e+00,4.020249999999999102e-01
6.540000000000000000e+02,1.000000000000000000e+00,4.003999999999999782e-01
6.550000000000000000e+02,1.000000000000000000e+00,4.028250000000001552e-01
6.560000000000000000e+02,1.000000000000000000e+00,4.028250000000001552e-01
6.570000000000000000e+02,1.000000000000000000e+00,4.068499999999998229e-01
6.580000000000000000e+02,1.000000000000000000e+00,4.011999999999998900e-01
6.590000000000000000e+02,1.000000000000000000e+00,4.036250000000000671e-01
6.600000000000000000e+02,1.000000000000000000e+00,4.044249999999999790e-01
6.610000000000000000e+02,1.000000000000000000e+00,4.044249999999999790e-01
6.620000000000000000e+02,1.000000000000000000e+00,4.052499999999999991e-01
6.630000000000000000e+02,1.000000000000000000e+00,4.036250000000000671e-01
6.640000000000000000e+02,1.000000000000000000e+00,4.020249999999999102e-01
6.650000000000000000e+02,1.000000000000000000e+00,4.020249999999999102e-01
6.660000000000000000e+02,1.000000000000000000e+00,4.003999999999999782e-01
6.670000000000000000e+02,1.000000000000000000e+00,4.020249999999999102e-01
6.680000000000000000e+02,1.000000000000000000e+00,4.020249999999999102e-01
6.690000000000000000e+02,1.000000000000000000e+00,4.028250000000001552e-01
6.700000000000000000e+02,1.000000000000000000e+00,4.036250000000000671e-01
6.710000000000000000e+02,1.000000000000000000e+00,4.036250000000000671e-01
6.720000000000000000e+02,1.000000000000000000e+00,4.020249999999999102e-01
6.730000000000000000e+02,1.000000000000000000e+00,4.011999999999998900e-01
6.740000000000000000e+02,1.000000000000000000e+00,4.003999999999999782e-01
6.750000000000000000e+02,1.000000000000000000e+00,4.003999999999999782e-01
6.760000000000000000e+02,1.000000000000000000e+00,4.003999999999999782e-01
6.770000000000000000e+02,1.000000000000000000e+00,4.003999999999999782e-01
6.780000000000000000e+02,1.000000000000000000e+00,4.003999999999999782e-01
6.790000000000000000e+02,1.000000000000000000e+00,4.003999999999999782e-01
6.800000000000000000e+02,1.000000000000000000e+00,4.003999999999999782e-01
6.810000000000000000e+02,1.000000000000000000e+00,4.003999999999999782e-01
6.820000000000000000e+02,1.000000000000000000e+00,4.003999999999999782e-01
6.830000000000000000e+02,1.000000000000000000e+00,4.003999999999999782e-01
6.840000000000000000e+02,1.000000000000000000e+00,3.996000000000000663e-01
6.850000000000000000e+02,1.000000000000000000e+00,3.979999999999998539e-01
6.860000000000000000e+02,1.000000000000000000e+00,3.923499999999998655e-01
6.870000000000000000e+02,1.000000000000000000e+00,3.955750000000000099e-01
6.880000000000000000e+02,1.000000000000000000e+00,3.923499999999998655e-01
6.890000000000000000e+02,1.000000000000000000e+00,3.931500000000001660e-01
6.900000000000000000e+02,1.000000000000000000e+00,3.988000000000001544e-01
6.910000000000000000e+02,1.000000000000000000e+00,3.988000000000001544e-01
6.920000000000000000e+02,1.000000000000000000e+00,4.003999999999999782e-01
6.930000000000000000e+02,1.000000000000000000e+00,3.971749999999998337e-01
6.940000000000000000e+02,1.000000000000000000e+00,3.939500000000000779e-01
6.950000000000000000e+02,1.000000000000000000e+00,3.931500000000001660e-01
6.960000000000000000e+02,1.000000000000000000e+00,3.923499999999998655e-01
6.970000000000000000e+02,1.000000000000000000e+00,3.931500000000001660e-01
6.980000000000000000e+02,1.000000000000000000e+00,3.988000000000001544e-01
6.990000000000000000e+02,1.000000000000000000e+00,3.996000000000000663e-01
7.000000000000000000e+02,1.000000000000000000e+00,3.979999999999998539e-01
7.010000000000000000e+02,1.000000000000000000e+00,3.923499999999998655e-01
7.020000000000000000e+02,1.000000000000000000e+00,3.931500000000001660e-01
7.030000000000000000e+02,1.000000000000000000e+00,3.939500000000000779e-01
7.040000000000000000e+02,1.000000000000000000e+00,3.947750000000000981e-01
7.050000000000000000e+02,1.000000000000000000e+00,3.939500000000000779e-01
7.060000000000000000e+02,1.000000000000000000e+00,3.947750000000000981e-01
7.070000000000000000e+02,1.000000000000000000e+00,3.923499999999998655e-01
7.080000000000000000e+02,1.000000000000000000e+00,3.947750000000000981e-01
7.090000000000000000e+02,1.000000000000000000e+00,3.963749999999999218e-01
7.100000000000000000e+02,1.000000000000000000e+00,3.971749999999998337e-01
7.110000000000000000e+02,1.000000000000000000e+00,3.931500000000001660e-01
7.120000000000000000e+02,1.000000000000000000e+00,3.939500000000000779e-01
7.130000000000000000e+02,1.000000000000000000e+00,3.923499999999998655e-01
7.140000000000000000e+02,1.000000000000000000e+00,3.923499999999998655e-01
7.150000000000000000e+02,1.000000000000000000e+00,3.923499999999998655e-01
7.160000000000000000e+02,1.000000000000000000e+00,3.923499999999998655e-01
7.170000000000000000e+02,1.000000000000000000e+00,3.923499999999998655e-01
7.180000000000000000e+02,1.000000000000000000e+00,3.923499999999998655e-01
7.190000000000000000e+02,1.000000000000000000e+00,3.907500000000000417e-01
7.200000000000000000e+02,1.000000000000000000e+00,3.923499999999998655e-01
7.210000000000000000e+02,1.000000000000000000e+00,3.923499999999998655e-01
7.220000000000000000e+02,1.000000000000000000e+00,3.923499999999998655e-01
7.230000000000000000e+02,1.000000000000000000e+00,3.923499999999998655e-01
7.240000000000000000e+02,1.000000000000000000e+00,3.923499999999998655e-01
7.250000000000000000e+02,1.000000000000000000e+00,3.923499999999998655e-01
7.260000000000000000e+02,1.000000000000000000e+00,3.931500000000001660e-01
7.270000000000000000e+02,1.000000000000000000e+00,3.923499999999998655e-01
7.280000000000000000e+02,1.000000000000000000e+00,3.939500000000000779e-01
7.290000000000000000e+02,1.000000000000000000e+00,3.939500000000000779e-01
7.300000000000000000e+02,1.000000000000000000e+00,3.947750000000000981e-01
7.310000000000000000e+02,1.000000000000000000e+00,3.931500000000001660e-01
7.320000000000000000e+02,1.000000000000000000e+00,3.923499999999998655e-01
7.330000000000000000e+02,1.000000000000000000e+00,3.923499999999998655e-01
7.340000000000000000e+02,1.000000000000000000e+00,3.923499999999998655e-01
7.350000000000000000e+02,1.000000000000000000e+00,3.923499999999998655e-01
7.360000000000000000e+02,1.000000000000000000e+00,3.923499999999998655e-01
7.370000000000000000e+02,1.000000000000000000e+00,3.923499999999998655e-01
7.380000000000000000e+02,1.000000000000000000e+00,3.923499999999998655e-01
7.390000000000000000e+02,1.000000000000000000e+00,3.923499999999998655e-01
7.400000000000000000e+02,1.000000000000000000e+00,3.915499999999999536e-01
7.410000000000000000e+02,1.000000000000000000e+00,3.923499999999998655e-01
7.420000000000000000e+02,1.000000000000000000e+00,3.923499999999998655e-01
7.430000000000000000e+02,1.000000000000000000e+00,3.923499999999998655e-01
7.440000000000000000e+02,1.000000000000000000e+00,3.923499999999998655e-01
7.450000000000000000e+02,1.000000000000000000e+00,3.931500000000001660e-01
7.460000000000000000e+02,1.000000000000000000e+00,3.923499999999998655e-01
7.470000000000000000e+02,1.000000000000000000e+00,3.923499999999998655e-01
7.480000000000000000e+02,1.000000000000000000e+00,3.971749999999998337e-01
7.490000000000000000e+02,1.000000000000000000e+00,4.003999999999999782e-01
7.500000000000000000e+02,1.000000000000000000e+00,4.003999999999999782e-01
7.510000000000000000e+02,1.000000000000000000e+00,4.003999999999999782e-01
7.520000000000000000e+02,1.000000000000000000e+00,4.003999999999999782e-01
7.530000000000000000e+02,1.000000000000000000e+00,4.003999999999999782e-01
7.540000000000000000e+02,1.000000000000000000e+00,3.988000000000001544e-01
7.550000000000000000e+02,1.000000000000000000e+00,3.979999999999998539e-01
7.560000000000000000e+02,1.000000000000000000e+00,3.979999999999998539e-01
7.570000000000000000e+02,1.000000000000000000e+00,3.988000000000001544e-01
7.580000000000000000e+02,1.000000000000000000e+00,3.988000000000001544e-01
7.590000000000000000e+02,1.000000000000000000e+00,4.003999999999999782e-01
7.600000000000000000e+02,1.000000000000000000e+00,3.979999999999998539e-01
7.610000000000000000e+02,1.000000000000000000e+00,3.931500000000001660e-01
7.620000000000000000e+02,1.000000000000000000e+00,3.923499999999998655e-01
7.630000000000000000e+02,1.000000000000000000e+00,3.939500000000000779e-01
7.640000000000000000e+02,1.000000000000000000e+00,3.971749999999998337e-01
7.650000000000000000e+02,1.000000000000000000e+00,3.931500000000001660e-01
7.660000000000000000e+02,1.000000000000000000e+00,3.931500000000001660e-01
7.670000000000000000e+02,1.000000000000000000e+00,3.939500000000000779e-01
7.680000000000000000e+02,1.000000000000000000e+00,3.923499999999998655e-01
7.690000000000000000e+02,1.000000000000000000e+00,3.947750000000000981e-01
7.700000000000000000e+02,1.000000000000000000e+00,3.979999999999998539e-01
7.710000000000000000e+02,1.000000000000000000e+00,3.979999999999998539e-01
7.720000000000000000e+02,1.000000000000000000e+00,3.963749999999999218e-01
7.730000000000000000e+02,1.000000000000000000e+00,3.947750000000000981e-01
7.740000000000000000e+02,1.000000000000000000e+00,3.971749999999998337e-01
7.750000000000000000e+02,1.000000000000000000e+00,3.923499999999998655e-01
7.760000000000000000e+02,1.000000000000000000e+00,3.939500000000000779e-01
7.770000000000000000e+02,1.000000000000000000e+00,3.947750000000000981e-01
7.780000000000000000e+02,1.000000000000000000e+00,3.988000000000001544e-01
7.790000000000000000e+02,1.000000000000000000e+00,3.939500000000000779e-01
7.800000000000000000e+02,1.000000000000000000e+00,3.931500000000001660e-01
7.810000000000000000e+02,1.000000000000000000e+00,3.931500000000001660e-01
7.820000000000000000e+02,1.000000000000000000e+00,3.955750000000000099e-01
7.830000000000000000e+02,1.000000000000000000e+00,3.971749999999998337e-01
7.840000000000000000e+02,1.000000000000000000e+00,3.947750000000000981e-01
7.850000000000000000e+02,1.000000000000000000e+00,3.988000000000001544e-01
7.860000000000000000e+02,1.000000000000000000e+00,3.988000000000001544e-01
7.870000000000000000e+02,1.000000000000000000e+00,3.988000000000001544e-01
7.880000000000000000e+02,1.000000000000000000e+00,3.955750000000000099e-01
7.890000000000000000e+02,1.000000000000000000e+00,3.931500000000001660e-01
7.900000000000000000e+02,1.000000000000000000e+00,3.923499999999998655e-01
7.910000000000000000e+02,1.000000000000000000e+00,3.923499999999998655e-01
7.920000000000000000e+02,1.000000000000000000e+00,3.923499999999998655e-01
7.930000000000000000e+02,1.000000000000000000e+00,3.875249999999999528e-01
7.940000000000000000e+02,1.000000000000000000e+00,3.883249999999998647e-01
7.950000000000000000e+02,1.000000000000000000e+00,3.923499999999998655e-01
7.960000000000000000e+02,1.000000000000000000e+00,3.923499999999998655e-01
7.970000000000000000e+02,1.000000000000000000e+00,3.923499999999998655e-01
7.980000000000000000e+02,1.000000000000000000e+00,3.939500000000000779e-01
7.990000000000000000e+02,1.000000000000000000e+00,3.931500000000001660e-01
8.000000000000000000e+02,1.000000000000000000e+00,3.923499999999998655e-01
8.010000000000000000e+02,1.000000000000000000e+00,3.923499999999998655e-01
8.020000000000000000e+02,1.000000000000000000e+00,3.931500000000001660e-01
8.030000000000000000e+02,1.000000000000000000e+00,3.923499999999998655e-01
8.040000000000000000e+02,1.000000000000000000e+00,3.963749999999999218e-01
8.050000000000000000e+02,1.000000000000000000e+00,3.979999999999998539e-01
8.060000000000000000e+02,1.000000000000000000e+00,4.003999999999999782e-01
8.070000000000000000e+02,1.000000000000000000e+00,4.003999999999999782e-01
8.080000000000000000e+02,1.000000000000000000e+00,4.003999999999999782e-01
8.090000000000000000e+02,1.000000000000000000e+00,4.003999999999999782e-01
8.100000000000000000e+02,1.000000000000000000e+00,4.003999999999999782e-01
8.110000000000000000e+02,1.000000000000000000e+00,4.003999999999999782e-01
8.120000000000000000e+02,1.000000000000000000e+00,4.003999999999999782e-01
8.130000000000000000e+02,1.000000000000000000e+00,3.955750000000000099e-01
8.140000000000000000e+02,1.000000000000000000e+00,3.988000000000001544e-01
8.150000000000000000e+02,1.000000000000000000e+00,3.971749999999998337e-01
8.160000000000000000e+02,1.000000000000000000e+00,3.971749999999998337e-01
8.170000000000000000e+02,1.000000000000000000e+00,3.963749999999999218e-01
8.180000000000000000e+02,1.000000000000000000e+00,3.971749999999998337e-01
8.190000000000000000e+02,1.000000000000000000e+00,3.931500000000001660e-01
